11010010101110010010011001000011
01001001010101010111001111010110
00111001011110000011011110100101
10000100111101001010101000101110
11010011101111001110100110000100
11111001111001010000111100101101
01000000111110001011100011101111
11011101000100111101010101001110
01111111101100011100110011000000
00100101000001111100111101100011
01011100011111100000100110110001
01101110000101110000101001000101
11100111111110110110000100100110
01000110011111100010011111011100
01100101010010000001010011110010
11101111111100101111110001111111
10100000001010001110000000001011
01010011010001110000010011011101
11011011110001111001000010011001
10111101100010101110001001010110
10100011001011101100000101000010
00001110110110111111111011010111
01100111010010100111100001110001
11000000110111011100001011101000
01010101111010110011010100100100
11011101101100010001010100010000
11100001111100000000001101111101
01101111101011000010011110010000
11110100011100101000001011111000
00010100000101111101100101110110
01010101110011111010100111101000
11111100100110110111111101010110
10000010011110001010101110110001
10110001000010011101111010001000
11011011000000100001111111001001
10001101110001001011011001100110
10100110000001001011001001011111
00011111100110010001011010100011
00110010110111110111000111111011
11010111101111011111010010111100
10111101000110101001111111001010
11000100110011000001101000001100
10100101000010010001010010010101
00010111000010011111100000010111
10011110111101011010001100001111
10101000101001100000010110010011
10110000101110010101000101111100
10010011011111110010111101001010
00110001011010100000000010011111
10010001011100100011100101110101
